Tx : -0.0160994
Ty : -0.181925
Tz : -0.133102
Qx : 0.453229
Qy : -0.444525
Qz : 0.543309
Qw : 0.54936
